scriptorum. 703

11011115, ,1......,11010100101113 ..,,,363,20
15,19 .......... 82,14 6,15, , , 35, 11, 58, 9, 76, 25,
15, 25-«27 ........ 539, 8 171, 7, 308, 3, 312, 17
10, 11 .......... 01011 0,10 .......... 10010
16,18. , , . . , . . . ,55219 6,19.20, , , , . , , ,31222
1001,1,13,.,.,..173,10 7, 2-4 ........ 349,1
1,14. 16 ........ 52, 20 7, 4, .191,21,195,12227,15,
1,20-25 ........ 617, 8 352, 4, 855, 14
1,24 , .. 6,16,8,8,101,11; 7, 5, . . . , . . . . ,105,16
120,121123,2,126, 8 7, 6. . . . . 177, 14, 208, 4
1,25.......,,,13,17 7, 6,7 ...,,,..308,19
1, 27-29 ........ 571, 3 7, 7. ,141, 18, 285, 5, 592, 11
1,30 , , . , , , . . . ,174, 4 7, 7.29-34. . . . , .201,14
1, 00. 01 ....,...000 0 1, 0, 000, 10, 001, 10, 011, 3
1,31..........183,13 7, 8.9 ,,,,,..,316,1
2, 2 . , . . . , , . . . 52,11 7, 9, . 136,12,202,7;212, 6,
2. 3 .......... 282, 9 219, 20, 238, 4, 242, 22,
2,12 .......... 328, l 316,11,354,5,395,16,
2,14 .......... 29, 3 396, 10,397, 11
3,1-3 17310 7,10 .......... 348, 7
3,2.,....,,.,381,,..137,1011,19613,22718,
153,10 248, 9· 347, 7, 350, 3,

3, 5-10 ........ 533,11 351, 14, 375,1
3,7, .332,5.,7,11,, ,,,,,3541837510
3,11,.,...,.,,69,19 7, 12. 361, 21,366, 17, 370, 18:
3,11, 12 , . . , . . . , 36, 4 371, 24, 374, 4, 378, 15
3,11-15 . , . . . . . . 64,21 7,12,10,11 ..,...383,5
3,16,17 ,,...,.,459,10 7,12.13..,.....379, 3
32223 .....,..25,12 7,14. . , . . , 205,1,362,10
4,3,,,...340,9,588,23 7,15..,..,,,,,72,5
4, 0 .......... 110, 0 1,10 .......... 001, 0
4, 7 ..,,, 285,12,328,17 7,18. , . . . . . . ,550,5,9
1, 14 .......... 011, 10 1,10-10 ........ 41111
4,15..........52,16 1,10. 000,10;010,11;010,10
5,1—5 ......... 37,18 7, 25, 20 . , . 245, 22, 246, 18
, , . . , ..94 13 7, 26, 247, 17, 252, 14, 255. 19
ι....,...,.,38,207,.,27 .247,18,378,16
-13 . . . . ,,37 22 7, 27 28. ..248,18-24

sqq ......... 10011 110 101, 10, 1101010000

6, 4- 6 ......... 587,13 251, 5, 20, 252, 20, 25312,
6, 010 , . . , 58,11, 66, 3 254, 10. 11,255, 23
6,10 .......... 78,18 7, 28. 36 , . . 204,10,214, 12
0,11...,..00,10; 0011 1,10.... 0101000010

 

